M d02 d05 d08 s1 s3
0.0000 0.000000 0.000000 0.000000 0.000000 0.000000
0.0100 0.002500 0.009999 0.039917 0.007377 0.016477
0.0200 0.004999 0.019989 0.079347 0.014753 0.032949
0.0300 0.007498 0.029964 0.117848 0.022127 0.049407
0.0400 0.009995 0.039915 0.155061 0.029499 0.065846
0.0500 0.012490 0.049834 0.190727 0.036869 0.082260
0.0600 0.014982 0.059714 0.224681 0.044234 0.098642
0.0700 0.017472 0.069548 0.256846 0.051596 0.114986
0.0800 0.019958 0.079327 0.287211 0.058952 0.131286
0.0900 0.022441 0.089045 0.315812 0.066302 0.147536
0.1000 0.024919 0.098695 0.342717 0.073646 0.163728
0.1100 0.027392 0.108271 0.368012 0.080982 0.179858
0.1200 0.029860 0.117766 0.391793 0.088310 0.195919
0.1300 0.032322 0.127174 0.414159 0.095629 0.211904
0.1400 0.034778 0.136491 0.435206 0.102939 0.227809
0.1500 0.037227 0.145709 0.455028 0.110238 0.243626
0.1600 0.039669 0.154825 0.473712 0.117527 0.259350
0.1700 0.042103 0.163834 0.491340 0.124803 0.274975
0.1800 0.044530 0.172731 0.507986 0.132067 0.290496
0.1900 0.046947 0.181513 0.523721 0.139318 0.305906
0.2000 0.049356 0.190175 0.538607 0.146555 0.321199
0.2100 0.051755 0.198715 0.552702 0.153778 0.336371
0.2200 0.054145 0.207130 0.566059 0.160985 0.351416
0.2300 0.056524 0.215417 0.578727 0.168175 0.366327
0.2400 0.058892 0.223574 0.590750 0.175349 0.381101
0.2500 0.061250 0.231598 0.602167 0.182506 0.395731
0.2600 0.063595 0.239488 0.613016 0.189644 0.410213
0.2700 0.065929 0.247243 0.623331 0.196764 0.424541
0.2800 0.068251 0.254861 0.633143 0.203863 0.438711
0.2900 0.070560 0.262341 0.642480 0.210942 0.452717
0.3000 0.072855 0.269682 0.651369 0.218001 0.466555
0.3100 0.075137 0.276885 0.659833 0.225037 0.480219
0.3200 0.077405 0.283948 0.667896 0.232051 0.493707
0.3300 0.079659 0.290873 0.675577 0.239041 0.507012
0.3400 0.081899 0.297657 0.682896 0.246008 0.520131
0.3500 0.084123 0.304303 0.689871 0.252950 0.533060
0.3600 0.086332 0.310811 0.696519 0.259867 0.545794
0.3700 0.088525 0.317180 0.702854 0.266758 0.558329
0.3800 0.090703 0.323412 0.708891 0.273622 0.570662
0.3900 0.092863 0.329507 0.714643 0.280459 0.582789
0.4000 0.095008 0.335467 0.720123 0.287268 0.594706
0.4100 0.097135 0.341292 0.725343 0.294048 0.606409
0.4200 0.099245 0.346983 0.730314 0.300798 0.617896
0.4300 0.101337 0.352542 0.735045 0.307519 0.629164
0.4400 0.103412 0.357970 0.739547 0.314209 0.640208
0.4500 0.105468 0.363268 0.743828 0.320867 0.651027
0.4600 0.107506 0.368438 0.747897 0.327493 0.661617
0.4700 0.109525 0.373481 0.751763 0.334087 0.671976
0.4800 0.111526 0.378398 0.755433 0.340647 0.682101
0.4900 0.113507 0.383192 0.758913 0.347173 0.691990
0.5000 0.115468 0.387862 0.762211 0.353665 0.701641
0.5100 0.117410 0.392412 0.765334 0.360121 0.711052
0.5200 0.119332 0.396842 0.768287 0.366541 0.720219
0.5300 0.121234 0.401155 0.771076 0.372924 0.729143
0.5400 0.123115 0.405351 0.773707 0.379270 0.737821
0.5500 0.124976 0.409433 0.776185 0.385578 0.746252
0.5600 0.126816 0.413402 0.778515 0.391848 0.754434
0.5700 0.128635 0.417260 0.780701 0.398078 0.762366
0.5800 0.130432 0.421007 0.782749 0.404269 0.770048
0.5900 0.132209 0.424647 0.784662 0.410419 0.777477
0.6000 0.133964 0.428180 0.786444 0.416528 0.784654
0.6100 0.135697 0.431609 0.788100 0.422595 0.791578
0.6200 0.137408 0.434934 0.789633 0.428620 0.798248
0.6300 0.139097 0.438157 0.791047 0.434603 0.804664
0.6400 0.140765 0.441280 0.792345 0.440542 0.810826
0.6500 0.142409 0.444305 0.793530 0.446436 0.816734
0.6600 0.144032 0.447232 0.794606 0.452287 0.822387
0.6700 0.145632 0.450064 0.795576 0.458091 0.827787
0.6800 0.147209 0.452802 0.796442 0.463851 0.832933
0.6900 0.148763 0.455447 0.797207 0.469563 0.837826
0.7000 0.150295 0.458002 0.797874 0.475229 0.842468
0.7100 0.151804 0.460466 0.798445 0.480847 0.846857
0.7200 0.153289 0.462843 0.798924 0.486418 0.850997
0.7300 0.154752 0.465132 0.799312 0.491939 0.854887
0.7400 0.156191 0.467336 0.799611 0.497411 0.858528
0.7500 0.157606 0.469456 0.799824 0.502834 0.861923
0.7600 0.158999 0.471493 0.799953 0.508206 0.865073
0.7700 0.160368 0.473449 0.800000 0.513528 0.867979
0.7800 0.161714 0.475325 0.799966 0.518798 0.870643
0.7900 0.163035 0.477122 0.799855 0.524016 0.873067
0.8000 0.164334 0.478842 0.799667 0.529182 0.875253
0.8100 0.165609 0.480485 0.799404 0.534295 0.877203
0.8200 0.166860 0.482053 0.799068 0.539355 0.878920
0.8300 0.168087 0.483547 0.798661 0.544360 0.880405
0.8400 0.169291 0.484968 0.798184 0.549311 0.881661
0.8500 0.170471 0.486318 0.797639 0.554208 0.882690
0.8600 0.171627 0.487597 0.797028 0.559048 0.883497
0.8700 0.172760 0.488807 0.796351 0.563833 0.884082
0.8800 0.173868 0.489949 0.795610 0.568562 0.884449
0.8900 0.174953 0.491024 0.794806 0.573233 0.884602
0.9000 0.176014 0.492032 0.793942 0.577848 0.884542
0.9100 0.177052 0.492976 0.793017 0.582404 0.884274
0.9200 0.178066 0.493855 0.792034 0.586903 0.883800
0.9300 0.179056 0.494671 0.790993 0.591342 0.883125
0.9400 0.180022 0.495426 0.789896 0.595723 0.882251
0.9500 0.180965 0.496119 0.788744 0.600044 0.881181
0.9600 0.181884 0.496752 0.787538 0.604305 0.879921
0.9700 0.182779 0.497326 0.786278 0.608505 0.878472
0.9800 0.183651 0.497841 0.784966 0.612645 0.876840
0.9900 0.184499 0.498300 0.783604 0.616723 0.875027
1.0000 0.185324 0.498701 0.782191 0.620740 0.873039
1.0100 0.186126 0.499047 0.780730 0.624694 0.870877
1.0200 0.186904 0.499338 0.779220 0.628587 0.868548
1.0300 0.187658 0.499575 0.777662 0.632416 0.866054
1.0400 0.188390 0.499759 0.776059 0.636182 0.863401
1.0500 0.189098 0.499891 0.774410 0.639884 0.860591
1.0600 0.189783 0.499971 0.772716 0.643523 0.857629
1.0700 0.190445 0.500000 0.770978 0.647097 0.854521
1.0800 0.191084 0.499979 0.769197 0.650606 0.851269
1.0900 0.191700 0.499909 0.767374 0.654051 0.847878
1.1000 0.192294 0.499790 0.765509 0.657429 0.844352
1.1100 0.192864 0.499623 0.763603 0.660743 0.840697
1.1200 0.193412 0.499409 0.761657 0.663990 0.836916
1.1300 0.193937 0.499149 0.759671 0.667170 0.833014
1.1400 0.194440 0.498843 0.757647 0.670284 0.828994
1.1500 0.194920 0.498492 0.755584 0.673331 0.824863
1.1600 0.195377 0.498096 0.753484 0.676311 0.820623
1.1700 0.195813 0.497656 0.751347 0.679223 0.816281
1.1800 0.196226 0.497174 0.749174 0.682067 0.811839
1.1900 0.196617 0.496648 0.746965 0.684843 0.807302
1.2000 0.196987 0.496081 0.744721 0.687550 0.802676
1.2100 0.197334 0.495472 0.742442 0.690189 0.797964
1.2200 0.197659 0.494823 0.740130 0.692759 0.793171
1.2300 0.197963 0.494133 0.737784 0.695259 0.788301
1.2400 0.198246 0.493404 0.735405 0.697690 0.783359
1.2500 0.198506 0.492636 0.732994 0.700051 0.778349
1.2600 0.198746 0.491829 0.730551 0.702342 0.773275
1.2700 0.198964 0.490984 0.728077 0.704563 0.768143
1.2800 0.199161 0.490102 0.725572 0.706713 0.762955
1.2900 0.199337 0.489183 0.723036 0.708793 0.757716
1.3000 0.199492 0.488227 0.720471 0.710802 0.752431
1.3100 0.199626 0.487236 0.717876 0.712739 0.747104
1.3200 0.199739 0.486209 0.715252 0.714606 0.741738
1.3300 0.199832 0.485147 0.712600 0.716401 0.736338
1.3400 0.199905 0.484051 0.709920 0.718124 0.730909
1.3500 0.199957 0.482921 0.707211 0.719776 0.725453
1.3600 0.199988 0.481757 0.704476 0.721355 0.719975
1.3700 0.200000 0.480560 0.701714 0.722863 0.714478
1.3800 0.199992 0.479331 0.698925 0.724298 0.708967
1.3900 0.199963 0.478069 0.696110 0.725660 0.703446
1.4000 0.199915 0.476776 0.693270 0.726951 0.697917
1.4100 0.199848 0.475452 0.690404 0.728168 0.692385
1.4200 0.199760 0.474096 0.687514 0.729313 0.686852
1.4300 0.199654 0.472710 0.684598 0.730384 0.681323
1.4400 0.199528 0.471294 0.681659 0.731383 0.675801
1.4500 0.199383 0.469849 0.678695 0.732309 0.670289
1.4600 0.199219 0.468374 0.675708 0.733161 0.664791
1.4700 0.199036 0.466870 0.672698 0.733940 0.659309
1.4800 0.198834 0.465338 0.669665 0.734645 0.653846
1.4900 0.198614 0.463777 0.666610 0.735278 0.648406
1.5000 0.198375 0.462189 0.663532 0.735836 0.642991
1.5100 0.198117 0.460574 0.660433 0.736321 0.637604
1.5200 0.197842 0.458931 0.657312 0.736733 0.632248
1.5300 0.197548 0.457262 0.654169 0.737070 0.626925
1.5400 0.197236 0.455567 0.651006 0.737334 0.621638
1.5500 0.196907 0.453845 0.647821 0.737525 0.616390
1.5600 0.196559 0.452098 0.644617 0.737641 0.611182
1.5700 0.196194 0.450326 0.641392 0.737684 0.606017
1.5800 0.195812 0.448528 0.638147 0.737653 0.600897
1.5900 0.195412 0.446707 0.634883 0.737548 0.595824
1.6000 0.194995 0.444860 0.631600 0.737370 0.590799
1.6100 0.194560 0.442990 0.628297 0.737117 0.585826
1.6200 0.194109 0.441096 0.624976 0.736791 0.580904
1.6300 0.193641 0.439179 0.621636 0.736392 0.576037
1.6400 0.193156 0.437238 0.618278 0.735918 0.571225
1.6500 0.192655 0.435275 0.614901 0.735371 0.566470
1.6600 0.192137 0.433289 0.611507 0.734751 0.561774
1.6700 0.191603 0.431281 0.608096 0.734057 0.557136
1.6800 0.191052 0.429251 0.604667 0.733290 0.552559
1.6900 0.190486 0.427200 0.601221 0.732449 0.548044
1.7000 0.189903 0.425127 0.597758 0.731535 0.543591
1.7100 0.189305 0.423033 0.594278 0.730548 0.539201
1.7200 0.188691 0.420918 0.590782 0.729488 0.534875
1.7300 0.188061 0.418782 0.587270 0.728355 0.530614
1.7400 0.187416 0.416627 0.583742 0.727149 0.526417
1.7500 0.186756 0.414451 0.580198 0.725871 0.522286
1.7600 0.186081 0.412255 0.576639 0.724520 0.518220
1.7700 0.185390 0.410040 0.573064 0.723096 0.514220
1.7800 0.184685 0.407806 0.569474 0.721600 0.510286
1.7900 0.183965 0.405553 0.565869 0.720032 0.506417
1.8000 0.183230 0.403281 0.562250 0.718392 0.502614
1.8100 0.182480 0.400990 0.558616 0.716680 0.498877
1.8200 0.181716 0.398681 0.554967 0.714896 0.495205
1.8300 0.180938 0.396354 0.551304 0.713041 0.491598
1.8400 0.180146 0.394009 0.547628 0.711115 0.488055
1.8500 0.179340 0.391647 0.543937 0.709117 0.484576
1.8600 0.178519 0.389267 0.540233 0.707049 0.481160
1.8700 0.177685 0.386870 0.536516 0.704910 0.477806
1.8800 0.176838 0.384456 0.532785 0.702700 0.474514
1.8900 0.175977 0.382025 0.529041 0.700420 0.471282
1.9000 0.175102 0.379578 0.525284 0.698071 0.468110
1.9100 0.174214 0.377114 0.521514 0.695651 0.464997
1.9200 0.173313 0.374635 0.517732 0.693162 0.461941
1.9300 0.172399 0.372139 0.513938 0.690603 0.458941
1.9400 0.171472 0.369628 0.510131 0.687975 0.455996
1.9500 0.170532 0.367101 0.506312 0.685279 0.453104
1.9600 0.169580 0.364559 0.502481 0.682514 0.450265
1.9700 0.168615 0.362002 0.498639 0.679681 0.447476
1.9800 0.167638 0.359430 0.494785 0.676779 0.444736
1.9900 0.166648 0.356844 0.490919 0.673811 0.442043
2.0000 0.165646 0.354243 0.487042 0.670774 0.439396
2.0100 0.164633 0.351627 0.483154 0.667671 0.436793
2.0200 0.163607 0.348998 0.479255 0.664501 0.434232
2.0300 0.162569 0.346354 0.475345 0.661264 0.431712
2.0400 0.161520 0.343697 0.471424 0.657962 0.429229
2.0500 0.160459 0.341026 0.467493 0.654593 0.426784
2.0600 0.159387 0.338342 0.463552 0.651159 0.424372
2.0700 0.158304 0.335645 0.459600 0.647660 0.421993
2.0800 0.157209 0.332935 0.455638 0.644096 0.419645
2.0900 0.156103 0.330211 0.451666 0.640468 0.417324
2.1000 0.154986 0.327475 0.447684 0.636776 0.415030
2.1100 0.153859 0.324727 0.443692 0.633020 0.412759
2.1200 0.152720 0.321966 0.439691 0.629201 0.410510
2.1300 0.151571 0.319193 0.435680 0.625318 0.408281
2.1400 0.150412 0.316408 0.431660 0.621374 0.406069
2.1500 0.149242 0.313611 0.427631 0.617367 0.403872
2.1600 0.148062 0.310803 0.423593 0.613298 0.401688
2.1700 0.146872 0.307982 0.419545 0.609168 0.399514
2.1800 0.145671 0.305151 0.415489 0.604978 0.397348
2.1900 0.144461 0.302308 0.411424 0.600726 0.395188
2.2000 0.143241 0.299455 0.407351 0.596415 0.393031
2.2100 0.142012 0.296590 0.403269 0.592044 0.390876
2.2200 0.140772 0.293714 0.399179 0.587614 0.388719
2.2300 0.139524 0.290828 0.395080 0.583125 0.386559
2.2400 0.138266 0.287932 0.390974 0.578577 0.384393
2.2500 0.136999 0.285025 0.386859 0.573972 0.382219
2.2600 0.135722 0.282108 0.382737 0.569310 0.380034
2.2700 0.134437 0.279181 0.378607 0.564590 0.377837
2.2800 0.133143 0.276245 0.374469 0.559814 0.375625
2.2900 0.131840 0.273298 0.370324 0.554982 0.373395
2.3000 0.130528 0.270342 0.366171 0.550095 0.371147
2.3100 0.129208 0.267377 0.362011 0.545152 0.368876
2.3200 0.127879 0.264402 0.357844 0.540155 0.366582
2.3300 0.126542 0.261418 0.353669 0.535105 0.364262
2.3400 0.125197 0.258425 0.349488 0.530000 0.361914
2.3500 0.123844 0.255423 0.345300 0.524843 0.359535
2.3600 0.122483 0.252413 0.341105 0.519633 0.357125
2.3700 0.121114 0.249394 0.336903 0.514371 0.354680
2.3800 0.119737 0.246366 0.332695 0.509057 0.352199
2.3900 0.118352 0.243330 0.328480 0.503693 0.349680
2.4000 0.116960 0.240286 0.324259 0.498278 0.347121
2.4100 0.115560 0.237234 0.320032 0.492814 0.344520
2.4200 0.114153 0.234174 0.315799 0.487300 0.341876
2.4300 0.112739 0.231106 0.311559 0.481738 0.339187
2.4400 0.111318 0.228030 0.307314 0.476127 0.336450
2.4500 0.109890 0.224947 0.303063 0.470469 0.333665
2.4600 0.108454 0.221856 0.298806 0.464764 0.330830
2.4700 0.107012 0.218758 0.294543 0.459012 0.327943
2.4800 0.105564 0.215653 0.290275 0.453214 0.325003
2.4900 0.104108 0.212541 0.286001 0.447371 0.322009
2.5000 0.102646 0.209422 0.281722 0.441483 0.318959
2.5100 0.101178 0.206296 0.277438 0.435551 0.315851
2.5200 0.099704 0.203163 0.273149 0.429576 0.312686
2.5300 0.098223 0.200024 0.268854 0.423558 0.309461
2.5400 0.096736 0.196878 0.264555 0.417497 0.306175
2.5500 0.095244 0.193726 0.260250 0.411394 0.302828
2.5600 0.093745 0.190568 0.255941 0.405251 0.299419
2.5700 0.092241 0.187404 0.251627 0.399067 0.295946
2.5800 0.090731 0.184233 0.247309 0.392843 0.292410
2.5900 0.089215 0.181057 0.242986 0.386579 0.288809
2.6000 0.087694 0.177875 0.238658 0.380277 0.285142
2.6100 0.086168 0.174688 0.234326 0.373937 0.281409
2.6200 0.084637 0.171495 0.229990 0.367560 0.277611
2.6300 0.083100 0.168296 0.225650 0.361145 0.273745
2.6400 0.081558 0.165093 0.221305 0.354695 0.269812
2.6500 0.080012 0.161884 0.216957 0.348209 0.265812
2.6600 0.078460 0.158670 0.212605 0.341689 0.261744
2.6700 0.076904 0.155451 0.208249 0.335134 0.257608
2.6800 0.075343 0.152227 0.203889 0.328546 0.253405
2.6900 0.073778 0.148999 0.199525 0.321925 0.249134
2.7000 0.072208 0.145766 0.195158 0.315271 0.244795
2.7100 0.070634 0.142528 0.190788 0.308586 0.240390
2.7200 0.069056 0.139286 0.186414 0.301871 0.235916
2.7300 0.067474 0.136040 0.182036 0.295125 0.231377
2.7400 0.065887 0.132789 0.177656 0.288349 0.226771
2.7500 0.064297 0.129534 0.173272 0.281545 0.222098
2.7600 0.062703 0.126276 0.168885 0.274713 0.217361
2.7700 0.061105 0.123014 0.164496 0.267853 0.212559
2.7800 0.059503 0.119747 0.160103 0.260966 0.207693
2.7900 0.057898 0.116477 0.155708 0.254054 0.202764
2.8000 0.056290 0.113204 0.151310 0.247115 0.197773
2.8100 0.054678 0.109927 0.146909 0.240153 0.192720
2.8200 0.053063 0.106647 0.142505 0.233166 0.187607
2.8300 0.051445 0.103364 0.138099 0.226155 0.182434
2.8400 0.049824 0.100077 0.133691 0.219123 0.177203
2.8500 0.048199 0.096788 0.129280 0.212068 0.171915
2.8600 0.046573 0.093495 0.124867 0.204992 0.166571
2.8700 0.044943 0.090200 0.120452 0.197896 0.161173
2.8800 0.043311 0.086902 0.116035 0.190779 0.155722
2.8900 0.041676 0.083601 0.111616 0.183644 0.150219
2.9000 0.040038 0.080298 0.107195 0.176490 0.144665
2.9100 0.038399 0.076993 0.102772 0.169319 0.139063
2.9200 0.036757 0.073685 0.098347 0.162131 0.133414
2.9300 0.035113 0.070375 0.093921 0.154926 0.127720
2.9400 0.033467 0.067062 0.089492 0.147706 0.121981
2.9500 0.031819 0.063748 0.085063 0.140472 0.116201
2.9600 0.030169 0.060432 0.080632 0.133223 0.110380
2.9700 0.028518 0.057114 0.076199 0.125961 0.104521
2.9800 0.026864 0.053795 0.071765 0.118686 0.098625
2.9900 0.025209 0.050473 0.067330 0.111400 0.092695
3.0000 0.023553 0.047151 0.062894 0.104102 0.086732
3.0100 0.021895 0.043827 0.058457 0.096794 0.080739
3.0200 0.020237 0.040501 0.054018 0.089476 0.074717
3.0300 0.018576 0.037175 0.049579 0.082149 0.068668
3.0400 0.016915 0.033847 0.045139 0.074814 0.062595
3.0500 0.015253 0.030518 0.040698 0.067472 0.056499
3.0600 0.013590 0.027189 0.036256 0.060123 0.050383
3.0700 0.011926 0.023858 0.031814 0.052768 0.044249
3.0800 0.010262 0.020527 0.027372 0.045407 0.038099
3.0900 0.008597 0.017195 0.022928 0.038042 0.031935
3.1000 0.006931 0.013863 0.018485 0.030673 0.025760
3.1100 0.005265 0.010530 0.014041 0.023302 0.019575
3.1200 0.003599 0.007197 0.009597 0.015927 0.013383
3.1300 0.001932 0.003864 0.005152 0.008552 0.007187
3.1400 0.000265 0.000531 0.000708 0.001175 0.000987
3.1500 -0.001401 -0.002802 -0.003737 -0.006202 -0.005212
3.1600 -0.003068 -0.006136 -0.008181 -0.013578 -0.011410
3.1700 -0.004734 -0.009469 -0.012625 -0.020953 -0.017603
3.1800 -0.006400 -0.012802 -0.017069 -0.028326 -0.023791
3.1900 -0.008066 -0.016134 -0.021513 -0.035695 -0.029969
3.2000 -0.009731 -0.019466 -0.025956 -0.043062 -0.036137
3.2100 -0.011396 -0.022797 -0.030399 -0.050424 -0.042291
3.2200 -0.013060 -0.026128 -0.034842 -0.057781 -0.048431
3.2300 -0.014723 -0.029458 -0.039283 -0.065132 -0.054553
3.2400 -0.016386 -0.032787 -0.043724 -0.072476 -0.060655
3.2500 -0.018047 -0.036115 -0.048165 -0.079814 -0.066736
3.2600 -0.019708 -0.039442 -0.052604 -0.087143 -0.072793
3.2700 -0.021367 -0.042768 -0.057043 -0.094464 -0.078824
3.2800 -0.023025 -0.046092 -0.061481 -0.101775 -0.084827
3.2900 -0.024682 -0.049415 -0.065917 -0.109076 -0.090799
3.3000 -0.026337 -0.052737 -0.070353 -0.116366 -0.096740
3.3100 -0.027991 -0.056057 -0.074787 -0.123645 -0.102647
3.3200 -0.029643 -0.059375 -0.079220 -0.130911 -0.108518
3.3300 -0.031294 -0.062692 -0.083651 -0.138164 -0.114351
3.3400 -0.032942 -0.066007 -0.088082 -0.145404 -0.120144
3.3500 -0.034589 -0.069320 -0.092510 -0.152628 -0.125896
3.3600 -0.036234 -0.072631 -0.096937 -0.159838 -0.131605
3.3700 -0.037876 -0.075939 -0.101363 -0.167031 -0.137269
3.3800 -0.039516 -0.079245 -0.105786 -0.174208 -0.142886
3.3900 -0.041154 -0.082549 -0.110208 -0.181367 -0.148455
3.4000 -0.042790 -0.085851 -0.114628 -0.188509 -0.153974
3.4100 -0.044423 -0.089150 -0.119046 -0.195631 -0.159442
3.4200 -0.046054 -0.092446 -0.123461 -0.202734 -0.164858
3.4300 -0.047682 -0.095739 -0.127875 -0.209816 -0.170219
3.4400 -0.049307 -0.099030 -0.132286 -0.216878 -0.175525
3.4500 -0.050929 -0.102317 -0.136695 -0.223918 -0.180774
3.4600 -0.052548 -0.105602 -0.141102 -0.230935 -0.185965
3.4700 -0.054164 -0.108883 -0.145506 -0.237930 -0.191098
3.4800 -0.055777 -0.112161 -0.149908 -0.244900 -0.196170
3.4900 -0.057386 -0.115435 -0.154307 -0.251846 -0.201181
3.5000 -0.058992 -0.118706 -0.158703 -0.258767 -0.206130
3.5100 -0.060595 -0.121974 -0.163097 -0.265662 -0.211016
3.5200 -0.062194 -0.125237 -0.167488 -0.272531 -0.215839
3.5300 -0.063789 -0.128497 -0.171875 -0.279372 -0.220597
3.5400 -0.065381 -0.131753 -0.176260 -0.286185 -0.225289
3.5500 -0.066969 -0.135005 -0.180641 -0.292970 -0.229917
3.5600 -0.068552 -0.138252 -0.185020 -0.299725 -0.234478
3.5700 -0.070132 -0.141496 -0.189395 -0.306451 -0.238972
3.5800 -0.071707 -0.144735 -0.193766 -0.313145 -0.243399
3.5900 -0.073278 -0.147969 -0.198135 -0.319809 -0.247759
3.6000 -0.074845 -0.151199 -0.202499 -0.326440 -0.252052
3.6100 -0.076407 -0.154425 -0.206860 -0.333039 -0.256277
3.6200 -0.077965 -0.157645 -0.211218 -0.339605 -0.260434
3.6300 -0.079518 -0.160861 -0.215571 -0.346136 -0.264523
3.6400 -0.081066 -0.164071 -0.219921 -0.352633 -0.268545
3.6500 -0.082610 -0.167276 -0.224266 -0.359095 -0.272499
3.6600 -0.084148 -0.170477 -0.228608 -0.365521 -0.276386
3.6700 -0.085681 -0.173671 -0.232945 -0.371910 -0.280207
3.6800 -0.087209 -0.176861 -0.237279 -0.378262 -0.283960
3.6900 -0.088732 -0.180044 -0.241608 -0.384576 -0.287648
3.7000 -0.090249 -0.183222 -0.245932 -0.390852 -0.291270
3.7100 -0.091760 -0.186394 -0.250252 -0.397088 -0.294827
3.7200 -0.093267 -0.189561 -0.254567 -0.403285 -0.298320
3.7300 -0.094767 -0.192721 -0.258878 -0.409442 -0.301749
3.7400 -0.096262 -0.195875 -0.263184 -0.415558 -0.305116
3.7500 -0.097750 -0.199023 -0.267485 -0.421632 -0.308421
3.7600 -0.099233 -0.202164 -0.271781 -0.427664 -0.311665
3.7700 -0.100709 -0.205299 -0.276072 -0.433653 -0.314849
3.7800 -0.102179 -0.208427 -0.280358 -0.439599 -0.317975
3.7900 -0.103643 -0.211548 -0.284639 -0.445501 -0.321043
3.8000 -0.105101 -0.214662 -0.288914 -0.451358 -0.324055
3.8100 -0.106552 -0.217770 -0.293184 -0.457170 -0.327013
3.8200 -0.107996 -0.220870 -0.297449 -0.462936 -0.329916
3.8300 -0.109433 -0.223963 -0.301707 -0.468657 -0.332768
3.8400 -0.110864 -0.227049 -0.305960 -0.474330 -0.335569
3.8500 -0.112287 -0.230127 -0.310208 -0.479956 -0.338320
3.8600 -0.113704 -0.233197 -0.314449 -0.485534 -0.341025
3.8700 -0.115113 -0.236260 -0.318684 -0.491063 -0.343683
3.8800 -0.116515 -0.239315 -0.322913 -0.496543 -0.346297
3.8900 -0.117909 -0.242361 -0.327136 -0.501974 -0.348869
3.9000 -0.119296 -0.245400 -0.331353 -0.507354 -0.351401
3.9100 -0.120676 -0.248430 -0.335563 -0.512684 -0.353894
3.9200 -0.122047 -0.251452 -0.339767 -0.517962 -0.356350
3.9300 -0.123411 -0.254465 -0.343964 -0.523189 -0.358771
3.9400 -0.124767 -0.257470 -0.348155 -0.528363 -0.361159
3.9500 -0.126115 -0.260466 -0.352338 -0.533484 -0.363517
3.9600 -0.127454 -0.263452 -0.356515 -0.538552 -0.365846
3.9700 -0.128786 -0.266430 -0.360684 -0.543567 -0.368148
3.9800 -0.130109 -0.269399 -0.364847 -0.548527 -0.370426
3.9900 -0.131423 -0.272358 -0.369002 -0.553432 -0.372681
4.0000 -0.132729 -0.275307 -0.373149 -0.558281 -0.374917
4.0100 -0.134026 -0.278247 -0.377290 -0.563075 -0.377134
4.0200 -0.135314 -0.281177 -0.381422 -0.567813 -0.379336
4.0300 -0.136593 -0.284097 -0.385547 -0.572493 -0.381524
4.0400 -0.137863 -0.287007 -0.389664 -0.577117 -0.383701
4.0500 -0.139124 -0.289907 -0.393773 -0.581683 -0.385870
4.0600 -0.140376 -0.292796 -0.397874 -0.586190 -0.388031
4.0700 -0.141618 -0.295675 -0.401967 -0.590639 -0.390189
4.0800 -0.142851 -0.298543 -0.406052 -0.595029 -0.392345
4.0900 -0.144074 -0.301400 -0.410128 -0.599360 -0.394501
4.1000 -0.145287 -0.304247 -0.414195 -0.603630 -0.396659
4.1100 -0.146490 -0.307082 -0.418254 -0.607840 -0.398823
4.1200 -0.147684 -0.309906 -0.422304 -0.611989 -0.400994
4.1300 -0.148867 -0.312718 -0.426346 -0.616078 -0.403175
4.1400 -0.150040 -0.315518 -0.430378 -0.620104 -0.405368
4.1500 -0.151203 -0.318307 -0.434401 -0.624069 -0.407575
4.1600 -0.152355 -0.321084 -0.438414 -0.627971 -0.409798
4.1700 -0.153497 -0.323849 -0.442419 -0.631810 -0.412041
4.1800 -0.154628 -0.326601 -0.446413 -0.635586 -0.414304
4.1900 -0.155749 -0.329341 -0.450398 -0.639299 -0.416590
4.2000 -0.156858 -0.332068 -0.454374 -0.642948 -0.418902
4.2100 -0.157956 -0.334783 -0.458339 -0.646532 -0.421242
4.2200 -0.159043 -0.337485 -0.462294 -0.650052 -0.423611
4.2300 -0.160119 -0.340173 -0.466239 -0.653506 -0.426012
4.2400 -0.161184 -0.342848 -0.470173 -0.656896 -0.428446
4.2500 -0.162236 -0.345510 -0.474097 -0.660219 -0.430917
4.2600 -0.163278 -0.348157 -0.478011 -0.663477 -0.433425
4.2700 -0.164307 -0.350791 -0.481913 -0.666668 -0.435973
4.2800 -0.165325 -0.353411 -0.485805 -0.669793 -0.438562
4.2900 -0.166330 -0.356017 -0.489685 -0.672851 -0.441195
4.3000 -0.167324 -0.358608 -0.493555 -0.675841 -0.443873
4.3100 -0.168305 -0.361185 -0.497412 -0.678764 -0.446598
4.3200 -0.169274 -0.363746 -0.501259 -0.681619 -0.449371
4.3300 -0.170230 -0.366293 -0.505093 -0.684405 -0.452194
4.3400 -0.171174 -0.368825 -0.508916 -0.687124 -0.455069
4.3500 -0.172105 -0.371341 -0.512727 -0.689773 -0.457997
4.3600 -0.173023 -0.373841 -0.516525 -0.692354 -0.460979
4.3700 -0.173929 -0.376326 -0.520311 -0.694865 -0.464017
4.3800 -0.174821 -0.378795 -0.524085 -0.697307 -0.467112
4.3900 -0.175699 -0.381247 -0.527846 -0.699680 -0.470265
4.4000 -0.176565 -0.383683 -0.531594 -0.701982 -0.473478
4.4100 -0.177417 -0.386103 -0.535329 -0.704214 -0.476751
4.4200 -0.178255 -0.388505 -0.539050 -0.706375 -0.480085
4.4300 -0.179080 -0.390890 -0.542759 -0.708466 -0.483481
4.4400 -0.179891 -0.393259 -0.546454 -0.710486 -0.486940
4.4500 -0.180687 -0.395609 -0.550135 -0.712435 -0.490462
4.4600 -0.181470 -0.397942 -0.553802 -0.714313 -0.494049
4.4700 -0.182238 -0.400257 -0.557455 -0.716120 -0.497700
4.4800 -0.182992 -0.402553 -0.561094 -0.717854 -0.501417
4.4900 -0.183732 -0.404831 -0.564718 -0.719517 -0.505199
4.5000 -0.184457 -0.407090 -0.568328 -0.721108 -0.509046
4.5100 -0.185167 -0.409331 -0.571922 -0.722627 -0.512959
4.5200 -0.185862 -0.411552 -0.575502 -0.724074 -0.516939
4.5300 -0.186543 -0.413754 -0.579066 -0.725448 -0.520983
4.5400 -0.187208 -0.415936 -0.582615 -0.726750 -0.525094
4.5500 -0.187858 -0.418098 -0.586148 -0.727979 -0.529270
4.5600 -0.188492 -0.420240 -0.589665 -0.729135 -0.533511
4.5700 -0.189111 -0.422361 -0.593167 -0.730219 -0.537816
4.5800 -0.189714 -0.424462 -0.596651 -0.731229 -0.542186
4.5900 -0.190302 -0.426542 -0.600119 -0.732166 -0.546619
4.6000 -0.190873 -0.428600 -0.603571 -0.733030 -0.551114
4.6100 -0.191429 -0.430637 -0.607005 -0.733821 -0.555672
4.6200 -0.191968 -0.432652 -0.610422 -0.734538 -0.560290
4.6300 -0.192492 -0.434645 -0.613822 -0.735182 -0.564968
4.6400 -0.192998 -0.436615 -0.617204 -0.735752 -0.569704
4.6500 -0.193488 -0.438563 -0.620568 -0.736249 -0.574498
4.6600 -0.193962 -0.440488 -0.623914 -0.736672 -0.579348
4.6700 -0.194418 -0.442389 -0.627241 -0.737021 -0.584252
4.6800 -0.194858 -0.444267 -0.630550 -0.737297 -0.589209
4.6900 -0.195281 -0.446121 -0.633839 -0.737499 -0.594218
4.7000 -0.195686 -0.447951 -0.637110 -0.737627 -0.599276
4.7100 -0.196074 -0.449756 -0.640361 -0.737682 -0.604381
4.7200 -0.196445 -0.451536 -0.643592 -0.737663 -0.609532
4.7300 -0.196798 -0.453292 -0.646803 -0.737570 -0.614727
4.7400 -0.197133 -0.455021 -0.649993 -0.737403 -0.619962
4.7500 -0.197451 -0.456725 -0.653164 -0.737162 -0.625237
4.7600 -0.197750 -0.458403 -0.656313 -0.736848 -0.630549
4.7700 -0.198031 -0.460054 -0.659441 -0.736460 -0.635894
4.7800 -0.198295 -0.461678 -0.662547 -0.735999 -0.641272
4.7900 -0.198539 -0.463275 -0.665632 -0.735463 -0.646678
4.8000 -0.198766 -0.464844 -0.668695 -0.734855 -0.652110
4.8100 -0.198973 -0.466385 -0.671735 -0.734173 -0.657566
4.8200 -0.199162 -0.467898 -0.674752 -0.733417 -0.663043
4.8300 -0.199333 -0.469382 -0.677747 -0.732588 -0.668536
4.8400 -0.199484 -0.470837 -0.680717 -0.731686 -0.674044
4.8500 -0.199616 -0.472262 -0.683665 -0.730710 -0.679564
4.8600 -0.199728 -0.473658 -0.686588 -0.729662 -0.685091
4.8700 -0.199822 -0.475023 -0.689486 -0.728541 -0.690622
4.8800 -0.199896 -0.476358 -0.692360 -0.727346 -0.696155
4.8900 -0.199950 -0.477661 -0.695208 -0.726079 -0.701685
4.9000 -0.199985 -0.478933 -0.698031 -0.724740 -0.707210
4.9100 -0.199999 -0.480172 -0.700828 -0.723328 -0.712724
4.9200 -0.199994 -0.481379 -0.703599 -0.721843 -0.718226
4.9300 -0.199969 -0.482554 -0.706343 -0.720287 -0.723710
4.9400 -0.199923 -0.483695 -0.709060 -0.718658 -0.729173
4.9500 -0.199857 -0.484802 -0.711749 -0.716957 -0.734612
4.9600 -0.199771 -0.485875 -0.714411 -0.715185 -0.740022
4.9700 -0.199664 -0.486913 -0.717043 -0.713342 -0.745398
4.9800 -0.199537 -0.487915 -0.719648 -0.711426 -0.750738
4.9900 -0.199388 -0.488883 -0.722222 -0.709440 -0.756037
5.0000 -0.199219 -0.489813 -0.724767 -0.707383 -0.761291
5.0100 -0.199029 -0.490707 -0.727282 -0.705255 -0.766496
5.0200 -0.198818 -0.491564 -0.729766 -0.703057 -0.771647
5.0300 -0.198585 -0.492383 -0.732219 -0.700788 -0.776740
5.0400 -0.198331 -0.493164 -0.734641 -0.698449 -0.781770
5.0500 -0.198056 -0.493905 -0.737030 -0.696041 -0.786735
5.0600 -0.197759 -0.494608 -0.739386 -0.693563 -0.791628
5.0700 -0.197440 -0.495270 -0.741709 -0.691015 -0.796446
5.0800 -0.197100 -0.495892 -0.743999 -0.688398 -0.801184
5.0900 -0.196737 -0.496472 -0.746254 -0.685713 -0.805838
5.1000 -0.196353 -0.497011 -0.748474 -0.682959 -0.810404
5.1100 -0.195947 -0.497507 -0.750659 -0.680136 -0.814876
5.1200 -0.195519 -0.497961 -0.752807 -0.677246 -0.819251
5.1300 -0.195068 -0.498370 -0.754919 -0.674288 -0.823524
5.1400 -0.194595 -0.498736 -0.756994 -0.671262 -0.827690
5.1500 -0.194099 -0.499056 -0.759030 -0.668170 -0.831746
5.1600 -0.193582 -0.499331 -0.761028 -0.665010 -0.835686
5.1700 -0.193041 -0.499560 -0.762987 -0.661784 -0.839506
5.1800 -0.192478 -0.499742 -0.764906 -0.658492 -0.843202
5.1900 -0.191892 -0.499876 -0.766784 -0.655134 -0.846769
5.2000 -0.191283 -0.499962 -0.768621 -0.651710 -0.850203
5.2100 -0.190651 -0.499999 -0.770415 -0.648222 -0.853500
5.2200 -0.189997 -0.499985 -0.772167 -0.644668 -0.856655
5.2300 -0.189319 -0.499922 -0.773875 -0.641050 -0.859664
5.2400 -0.188618 -0.499807 -0.775538 -0.637368 -0.862522
5.2500 -0.187894 -0.499640 -0.777157 -0.633622 -0.865226
5.2600 -0.187147 -0.499420 -0.778729 -0.629813 -0.867771
5.2700 -0.186376 -0.499146 -0.780254 -0.625941 -0.870153
5.2800 -0.185582 -0.498817 -0.781731 -0.622006 -0.872369
5.2900 -0.184765 -0.498434 -0.783159 -0.618009 -0.874413
5.3000 -0.183924 -0.497994 -0.784538 -0.613950 -0.876282
5.3100 -0.183059 -0.497496 -0.785866 -0.609830 -0.877972
5.3200 -0.182171 -0.496941 -0.787142 -0.605649 -0.879480
5.3300 -0.181260 -0.496327 -0.788365 -0.601407 -0.880800
5.3400 -0.180325 -0.495653 -0.789535 -0.597106 -0.881931
5.3500 -0.179366 -0.494918 -0.790650 -0.592744 -0.882868
5.3600 -0.178384 -0.494122 -0.791709 -0.588323 -0.883607
5.3700 -0.177377 -0.493263 -0.792710 -0.583844 -0.884145
5.3800 -0.176348 -0.492340 -0.793654 -0.579305 -0.884479
5.3900 -0.175294 -0.491352 -0.794538 -0.574710 -0.884605
5.4000 -0.174216 -0.490298 -0.795361 -0.570056 -0.884521
5.4100 -0.173115 -0.489178 -0.796121 -0.565346 -0.884222
5.4200 -0.171990 -0.487990 -0.796819 -0.560579 -0.883707
5.4300 -0.170842 -0.486733 -0.797452 -0.555756 -0.882971
5.4400 -0.169669 -0.485406 -0.798018 -0.550877 -0.882013
5.4500 -0.168473 -0.484007 -0.798517 -0.545943 -0.880829
5.4600 -0.167253 -0.482536 -0.798946 -0.540955 -0.879418
5.4700 -0.166010 -0.480992 -0.799305 -0.535913 -0.877775
5.4800 -0.164743 -0.479373 -0.799591 -0.530817 -0.875900
5.4900 -0.163452 -0.477678 -0.799803 -0.525668 -0.873789
5.5000 -0.162137 -0.475906 -0.799939 -0.520466 -0.871441
5.5100 -0.160799 -0.474055 -0.799998 -0.515212 -0.868854
5.5200 -0.159438 -0.472125 -0.799977 -0.509907 -0.866025
5.5300 -0.158053 -0.470114 -0.799874 -0.504551 -0.862953
5.5400 -0.156644 -0.468020 -0.799688 -0.499144 -0.859636
5.5500 -0.155212 -0.465843 -0.799417 -0.493688 -0.856073
5.5600 -0.153757 -0.463581 -0.799057 -0.488182 -0.852263
5.5700 -0.152279 -0.461233 -0.798608 -0.482627 -0.848203
5.5800 -0.150778 -0.458796 -0.798066 -0.477024 -0.843893
5.5900 -0.149254 -0.456271 -0.797430 -0.471373 -0.839332
5.6000 -0.147707 -0.453655 -0.796696 -0.465675 -0.834519
5.6100 -0.146137 -0.450946 -0.795862 -0.459931 -0.829454
5.6200 -0.144544 -0.448145 -0.794926 -0.454141 -0.824135
5.6300 -0.142929 -0.445248 -0.793885 -0.448305 -0.818562
5.6400 -0.141291 -0.442254 -0.792734 -0.442424 -0.812735
5.6500 -0.139631 -0.439163 -0.791473 -0.436499 -0.806654
5.6600 -0.137949 -0.435971 -0.790096 -0.430531 -0.800319
5.6700 -0.136244 -0.432679 -0.788601 -0.424519 -0.793730
5.6800 -0.134518 -0.429284 -0.786985 -0.418465 -0.786887
5.6900 -0.132770 -0.425784 -0.785243 -0.412369 -0.779791
5.7000 -0.131000 -0.422178 -0.783373 -0.406232 -0.772442
5.7100 -0.129209 -0.418465 -0.781368 -0.400054 -0.764840
5.7200 -0.127397 -0.414643 -0.779227 -0.393836 -0.756988
5.7300 -0.125564 -0.410710 -0.776943 -0.387579 -0.748885
5.7400 -0.123710 -0.406664 -0.774513 -0.381283 -0.740534
5.7500 -0.121835 -0.402504 -0.771931 -0.374949 -0.731934
5.7600 -0.119940 -0.398229 -0.769193 -0.368578 -0.723089
5.7700 -0.118024 -0.393836 -0.766293 -0.362169 -0.713998
5.7800 -0.116089 -0.389325 -0.763225 -0.355725 -0.704665
5.7900 -0.114134 -0.384692 -0.759983 -0.349245 -0.695090
5.8000 -0.112159 -0.379938 -0.756561 -0.342730 -0.685277
5.8100 -0.110165 -0.375061 -0.752953 -0.336180 -0.675227
5.8200 -0.108151 -0.370058 -0.749150 -0.329597 -0.664942
5.8300 -0.106119 -0.364929 -0.745147 -0.322981 -0.654425
5.8400 -0.104069 -0.359672 -0.740934 -0.316333 -0.643679
5.8500 -0.102000 -0.354285 -0.736503 -0.309653 -0.632706
5.8600 -0.099913 -0.348768 -0.731846 -0.302942 -0.621509
5.8700 -0.097809 -0.343119 -0.726953 -0.296201 -0.610092
5.8800 -0.095687 -0.337337 -0.721814 -0.289431 -0.598457
5.8900 -0.093548 -0.331420 -0.716418 -0.282631 -0.586607
5.9000 -0.091393 -0.325368 -0.710753 -0.275803 -0.574547
5.9100 -0.089221 -0.319180 -0.704808 -0.268947 -0.562280
5.9200 -0.087032 -0.312854 -0.698570 -0.262065 -0.549808
5.9300 -0.084828 -0.306391 -0.692023 -0.255156 -0.537137
5.9400 -0.082609 -0.299789 -0.685154 -0.248222 -0.524270
5.9500 -0.080374 -0.293049 -0.677947 -0.241263 -0.511211
5.9600 -0.078125 -0.286169 -0.670383 -0.234280 -0.497965
5.9700 -0.075861 -0.279150 -0.662444 -0.227274 -0.484535
5.9800 -0.073584 -0.271992 -0.654110 -0.220244 -0.470926
5.9900 -0.071292 -0.264694 -0.645359 -0.213193 -0.457143
6.0000 -0.068988 -0.257258 -0.636167 -0.206120 -0.443190
6.0100 -0.066670 -0.249684 -0.626510 -0.199027 -0.429072
6.0200 -0.064340 -0.241973 -0.616359 -0.191914 -0.414794
6.0300 -0.061998 -0.234126 -0.605683 -0.184782 -0.400361
6.0400 -0.059644 -0.226144 -0.594450 -0.177631 -0.385777
6.0500 -0.057280 -0.218030 -0.582625 -0.170462 -0.371048
6.0600 -0.054904 -0.209784 -0.570167 -0.163277 -0.356180
6.0700 -0.052517 -0.201410 -0.557034 -0.156075 -0.341177
6.0800 -0.050121 -0.192909 -0.543180 -0.148857 -0.326045
6.0900 -0.047716 -0.184285 -0.528552 -0.141625 -0.310790
6.1000 -0.045301 -0.175541 -0.513094 -0.134378 -0.295416
6.1100 -0.042877 -0.166680 -0.496745 -0.127118 -0.279931
6.1200 -0.040445 -0.157706 -0.479438 -0.119846 -0.264338
6.1300 -0.038006 -0.148624 -0.461099 -0.112561 -0.248645
6.1400 -0.035559 -0.139438 -0.441649 -0.105265 -0.232857
6.1500 -0.033105 -0.130152 -0.421002 -0.097958 -0.216980
6.1600 -0.030645 -0.120773 -0.399066 -0.090642 -0.201019
6.1700 -0.028179 -0.111305 -0.375746 -0.083317 -0.184982
6.1800 -0.025707 -0.101754 -0.350944 -0.075983 -0.168873
6.1900 -0.023231 -0.092127 -0.324562 -0.068642 -0.152700
6.2000 -0.020750 -0.082429 -0.296510 -0.061294 -0.136468
6.2100 -0.018264 -0.072669 -0.266713 -0.053939 -0.120184
6.2200 -0.015776 -0.062852 -0.235123 -0.046580 -0.103853
6.2300 -0.013284 -0.052986 -0.201733 -0.039215 -0.087482
6.2400 -0.010790 -0.043078 -0.166600 -0.031847 -0.071078
6.2500 -0.008293 -0.033137 -0.129856 -0.024476 -0.054646
6.2600 -0.005795 -0.023169 -0.091730 -0.017102 -0.038193
6.2700 -0.003296 -0.013182 -0.052552 -0.009726 -0.021725
6.2800 -0.000796 -0.003185 -0.012739 -0.002350 -0.005249
